%YAML:1.0

#--------------------------------------------------------------------------------------------
# Camera Parameters. Adjust them!
#--------------------------------------------------------------------------------------------

# Camera calibration and distortion parameters (OpenCV) 
Camera.fx: 302.7610136668138
Camera.fy: 605.6900961820479
Camera.cx: 326.50266671817457
Camera.cy: 346.8732053838326

Camera.k1: -0.11329654991983437
Camera.k2: 0.014645134475413275
Camera.k3: -0.017957273316434333
Camera.k4: 0.006518278913437642

Camera.height: 720
Camera.width: 640