%YAML:1.0

#--------------------------------------------------------------------------------------------
# Camera Parameters. Adjust them!
#--------------------------------------------------------------------------------------------

# Camera calibration and distortion parameters (OpenCV) 
Camera.fx: 303.8529161066731
Camera.fy: 303.7067539537007
Camera.cx: 325.48433245177335
Camera.cy: 172.68712444595712

Camera.k1: -0.1116646694198806
Camera.k2: 0.0016438752397557655
Camera.k3: -0.0012246784661462695
Camera.k4: 0.00015209999434502518

Camera.height: 360
Camera.width: 640