%YAML:1.0

#--------------------------------------------------------------------------------------------
# Camera Parameters. Adjust them!
#--------------------------------------------------------------------------------------------

# Camera calibration and distortion parameters (OpenCV) 
Camera.fx: 301.8908782333411
Camera.fy: 603.8592789368842
Camera.cx: 302.3098252327561
# Camera.cy: 356.46618448628027
Camera.cy: 178


# Camera.k1: -0.10573502234023152
# Camera.k2: -0.007064129289078431
# Camera.k3: 0.002648212698484544
# Camera.k4: 0.00021954296056481758

# Camera.k1: -0.11173686820428219
# Camera.k2: -0.0019822016814871517
# Camera.k3: 0.003120754556125658
# Camera.k4: -0.0014095079636626217

Camera.k1: 0
Camera.k2: 0
Camera.k3: 0
Camera.k4: 0

Camera.height: 720
Camera.width: 640