%YAML:1.0

#--------------------------------------------------------------------------------------------
# Camera Parameters. Adjust them!
#--------------------------------------------------------------------------------------------

# Camera calibration and distortion parameters (OpenCV) 
Camera.fx: 302.71461436266986
Camera.fy: 302.63235673624933
Camera.cx: 303.65947695755534
Camera.cy: 180.1355115892884

Camera.k1: -0.11173686820428219
Camera.k2: -0.0019822016814871517
Camera.k3: 0.003120754556125658
Camera.k4: -0.0014095079636626217

Camera.height: 360
Camera.width: 640